0.007982
0.007718
0.007704
0.007894
0.007673
0.007652
0.007428
0.007506
0.007717
0.007547
0.007631
0.007412
0.007522
0.007316
0.007613
0.008606
0.007593
0.007778
0.007348
0.007546
0.007330
0.007518
0.007585
0.007376
0.008917
0.007569
0.007681
0.007387
0.007242
0.007135
0.007705
0.007404
0.007756
0.007349
0.007732
0.007620
0.007538
0.007364
0.007342
0.007845
0.007501
0.007518
0.007439
0.007338
0.007835
0.007238
0.007106
0.007509
0.007601
0.007802
0.007339
0.007546
0.007390
0.007780
0.007530
0.007669
0.007680
0.007909
0.007516
0.007683
0.007696
0.007788
0.007839
0.007512
0.007727
0.007629
0.008013
0.007403
0.007706
0.007710
0.007659
0.007942
0.007468
0.007705
0.007725
0.007861
0.007586
0.007612
0.007735
0.007674
0.007891
0.007528
0.007651
0.007782
0.007888
0.007500
0.007672
0.007660
0.007753
0.007869
0.007474
0.007727
0.007678
0.007837
0.007527
0.007777
0.007914
0.007473
0.007871
0.007494
0.007764
0.007687
0.007871
0.007517
0.007614
0.007769
0.007720
0.007784
0.007607
0.007704
0.007610
0.007943
0.007517
0.007704
0.007734
0.007632
0.007953
0.007517
0.007696
0.007659
0.007860
0.007809
0.007385
0.007725
0.007671
0.007933
0.007730
0.007384
0.007783
0.007925
0.007442
0.007760
0.007622
0.007759
0.007926
0.007451
0.007712
0.007655
0.008022
0.007394
0.007726
0.007670
0.007701
0.007936
0.007367
0.007812
0.007717
0.007830
0.007551
0.007669
0.007742
0.007753
0.007847
0.007602
0.007540
0.007822
0.007827
0.007503
0.007634
0.007702
0.007753
0.007779
0.007572
0.007761
0.007618
0.007958
0.007486
0.007711
0.007753
0.007651
0.007929
0.007418
0.007843
0.007587
0.007879
0.007478
0.007689
0.007775
0.007568
0.008014
0.007535
0.007611
0.007761
0.007852
0.007491
0.007777
0.007642
0.007758
0.007823
0.007829
0.007441
0.007654
0.007872
0.007493
0.007764
0.007551
0.007821
0.007911
0.007439
0.007771
0.007610
0.007933
0.007645
0.007590
0.007747
0.007619
0.008058
0.007382
0.007667
0.007683
0.007882
0.007750
0.007414
0.007722
0.007770
0.007814
0.007611
0.007668
0.007717
0.007900
0.007467
0.007773
0.007566
0.007743
0.007913
0.007467
0.007679
0.007687
0.007965
0.007452
0.007696
0.007771
0.007626
0.007960
0.007525
0.007658
0.007717
0.007848
0.007807
0.007408
0.007694
0.007704
0.007899
0.007631
0.007582
0.007646
0.007879
0.007528
0.007785
0.007619
0.007694
0.007946
0.007428
0.007836
0.007633
0.007851
0.007578
0.007607
0.007739
0.007728
0.007840
0.007524
0.007654
0.007697
0.007950
0.007513
0.007636
0.007731
0.007727
0.007875
0.007595
0.007646
0.007643
0.007912
0.007560
0.007646
0.007719
0.007640
0.007964
0.007478
0.007616
0.007767
0.007892
0.007487
0.007693
0.007767
0.007629
0.007999
0.007455
0.007671
0.007684
0.007863
0.007530
0.007733
0.007606
0.007780
0.007899
0.007638
0.007569
0.007698
0.007862
0.007512
0.007746
0.007732
0.007658
0.007902
0.007439
0.007749
0.007615
0.007951
0.007526
0.007621
0.007758
0.007664
0.007877
0.007548
0.007720
0.007661
0.007918
0.007659
0.007556
0.007693
0.007709
0.007880
0.007577
0.007666
0.007661
0.007899
0.007444
0.007743
0.007648
0.007655
0.007990
0.007487
0.007696
0.007690
0.007954
0.007488
0.007712
0.007758
0.007584
0.007950
0.007679
0.007471
0.007735
0.007782
0.007609
0.007623
0.007688
0.007764
0.007945
0.007488
0.007670
0.007695
0.007939
0.007539
0.007671
0.007634
0.007704
0.007926
0.007476
0.007739
0.007587
0.007973
0.007596
0.007543
0.007772
0.007680
0.007911
0.007476
0.007712
0.007694
0.007909
0.007612
0.007595
0.007662
0.007809
0.007823
0.007492
0.007664
0.007697
0.007964
0.007356
0.007819
0.007698
0.007677
0.007935
0.007431
0.007722
0.007868
0.007748
0.007550
0.007592
0.007757
0.007651
0.007942
0.007500
0.007674
0.007706
0.007855
0.007565
0.007687
0.007675
0.007710
0.007916
0.007542
0.007660
0.007669
0.007911
0.007474
0.007752
0.007699
0.007673
0.007912
0.007434
0.007782
0.007629
0.007927
0.007532
0.007640
0.007751
0.007658
0.007953
0.007467
0.007671
0.007696
0.007895
0.007553
0.007663
0.007663
0.007773
0.007925
0.007411
0.007791
0.007596
0.007961
0.007524
0.007657
0.007709
0.007651
0.007937
0.007504
0.007678
0.007726
0.007855
0.007559
0.007720
0.007644
0.007766
0.007839
0.007472
0.007728
0.007656
0.007940
0.007447
0.007752
0.007682
0.007682
0.007955
0.007487
0.007661
0.007685
0.007894
0.007571
0.007666
0.007678
0.007714
0.007906
0.007523
0.007629
0.007752
0.007884
0.007493
0.007727
0.007661
0.007682
0.007958
0.007455
0.007716
0.007661
0.007931
0.007515
0.007668
0.007746
0.007693
0.007887
0.007604
0.007606
0.007689
0.007901
0.007458
0.007725
0.007696
0.007690
0.007939
0.007426
0.007766
0.007720
0.007853
0.007526
0.007661
0.007732
0.007762
0.007882
0.007457
0.007620
0.007737
0.007897
0.007494
0.007719
0.007659
0.007708
0.007952
0.007459
0.007708
0.007658
0.007930
0.007511
0.007653
0.007745
0.007642
0.007974
0.007455
0.007696
0.007732
0.007847
0.007555
0.007641
0.007763
0.007673
0.007899
0.007499
0.007663
0.007713
0.007919
0.007497
0.007702
0.007665
0.007744
0.007920
0.007444
0.007739
0.007619
0.007997
0.007469
0.007682
0.007697
0.007689
0.007956
0.007405
0.007747
0.007717
0.007866
0.007535
0.007662
0.007725
0.007716
0.007890
0.007477
0.007664
0.007743
0.007907
0.007457
0.007745
0.007656
0.007752
0.007911
0.007494
0.007655
0.007723
0.007855
0.007542
0.007691
0.007674
0.007735
0.007919
0.007495
0.007704
0.007674
0.007882
0.007534
0.007638
0.007731
0.007706
0.007885
0.007491
0.007683
0.007731
0.007856
0.007539
0.007696
0.007673
0.007751
0.007895
0.007477
0.007725
0.007633
0.007966
0.007421
0.007749
0.007691
0.007675
0.007982
0.007416
0.007754
0.007689
0.007879
0.007509
0.007661
0.007747
0.007626
0.007955
0.007497
0.007655
0.007743
0.007880
0.007527
0.007696
0.007686
0.007725
0.007852
0.007535
0.007684
0.007689
0.007911
0.007464
0.007726
0.007708
0.007698
0.007925
0.007456
0.007723
0.007645
0.007914
0.007537
0.007617
0.007735
0.007734
0.007903
0.007500
0.007639
0.007759
0.007900
0.007493
0.007701
0.007649
0.007750
0.007931
0.007435
0.007732
0.007625
0.007978
0.007494
0.007667
0.007735
0.007647
0.007974
0.007429
0.007709
0.007731
0.007876
0.007521
0.007649
0.007732
0.007706
0.008132
0.007306
0.007617
0.007742
0.007923
0.007461
0.007711
0.007657
0.007786
0.007854
0.007487
0.007706
0.007658
0.007923
0.007481
0.007708
0.007729
0.007668
0.007951
0.007443
0.007736
0.007700
0.007873
0.007522
0.007644
0.007746
0.007692
0.007929
0.007477
0.007644
0.007762
0.007932
0.007421
0.007719
0.007718
0.007694
0.007935
0.007466
0.007705
0.007684
0.007851
0.007550
0.007637
0.007704
0.007764
0.007942
0.007448
0.007691
0.007729
0.007853
0.007516
0.007700
0.007666
0.007739
0.007896
0.007500
0.007654
0.007728
0.007924
0.007467
0.007729
0.007688
0.007674
0.007952
0.007440
0.007681
0.007745
0.007877
0.007516
0.007658
0.007746
0.007697
0.007907
0.007510
0.007639
0.007755
0.007916
0.007451
0.007699
0.007640
0.007772
0.007893
0.007496
0.007716
0.007666
0.007919
0.007472
0.007759
0.007705
0.007622
0.007979
0.007446
0.007680
0.007701
0.007929
0.007482
0.007756
0.007678
0.007754
0.007870
0.007626
0.007869
0.007359
0.007900
0.007733
0.007579
0.007540
0.007869
0.007805
0.007437
0.007741
0.007645
0.007940
0.007516
0.007690
0.007830
0.007529
0.007953
0.007469
0.007666
0.007721
0.007896
0.007539
0.007830
0.007551
0.007725
0.007871
0.007557
0.007609
0.008163
0.007753
0.007168
0.007731
0.007663
0.007679
0.007999
0.007541
0.007683
0.007636
0.007927
0.007648
0.007497
0.007716
0.007637
0.007994
0.007473
0.007666
0.007706
0.007885
0.007661
0.007518
0.007738
0.007710
0.007916
0.007653
0.007481
0.007718
0.007917
0.007466
0.007776
0.007591
0.007764
0.007946
0.007429
0.007726
0.007649
0.007961
0.007427
0.007745
0.007692
0.007681
0.007973
0.007382
0.007725
0.007738
0.007882
0.007654
0.007533
0.007740
0.007697
0.007917
0.007515
0.007610
0.007746
0.007921
0.007440
0.007739
0.007631
0.007798
0.007884
0.007514
0.007672
0.007669
0.007926
0.007466
0.007721
0.007707
0.007657
0.007947
0.007638
0.007643
0.007592
0.007887
0.007517
0.007659
0.007760
0.007690
0.007929
0.007473
0.007626
0.007770
0.007846
0.007528
0.007689
0.007699
0.007741
0.007895
0.007675
0.007511
0.007673
0.007920
0.007448
0.007741
0.007694
0.007669
0.007972
0.007420
0.007743
0.007683
0.007873
0.007663
0.007597
0.007666
0.007710
0.007934
0.007664
0.007453
0.007712
0.007938
0.007454
0.007733
0.007642
0.007751
0.008014
0.007393
0.007713
0.007646
0.007948
0.007504
0.007643
0.007725
0.007666
0.007977
0.007465
0.007965
0.007503
0.019724
0.007925
0.007885
0.007640
0.007866
0.007621
0.007519
0.007423
0.007660
0.007375
0.007950
0.007475
0.007382
0.007665
0.007609
0.007665
0.007501
0.007391
0.007545
0.007655
0.007682
0.007448
0.007426
0.007765
0.007402
0.007931
0.007392
0.007671
0.007487
0.008091
0.007932
0.007378
0.008037
0.007802
0.007711
0.007906
0.007724
0.008010
0.007830
0.007756
0.007825
0.007729
0.008022
0.007775
0.007409
0.007799
0.007740
0.007996
0.007709
0.007781
0.007820
0.007744
0.008008
0.007737
0.007763
0.008022
0.007937
0.007804
0.007733
0.007973
0.007941
0.007824
0.007824
0.007876
0.007753
0.007952
0.007896
0.007810
0.007766
0.007790
0.007742
0.007716
0.007932
0.008019
0.007714
0.007895
0.007801
0.007796
0.007805
0.007836
0.007721
0.007956
0.007935
0.007826
0.007784
0.007837
0.007730
0.007921
0.007921
0.007793
0.007817
0.007853
0.007733
0.007689
0.007928
0.007818
0.007807
0.007832
0.007848
0.007795
0.007784
0.007743
0.007904
0.007807
0.007798
0.007846
0.007768
0.007711
0.007908
0.007743
0.007815
0.007802
0.007733
0.007922
0.007770
0.007706
0.007821
0.007891
0.007745
0.007951
0.007921
0.007837
0.007808
0.007810
0.007741
0.007944
0.007942
0.007844
0.007800
0.007806
0.007822
0.007725
0.007912
0.009077
0.008315
0.007895
0.007860
0.007910
0.007918
0.008176
0.007801
0.008079
0.007967
0.007863
0.007877
0.007853
0.007846
0.007796
0.007975
0.007910
0.007827
0.007778
0.007989
0.007972
0.007871
0.007858
0.007833
0.007859
0.007790
0.007966
0.007882
0.007867
0.007829
0.007839
0.007779
0.007986
0.007996
0.007862
0.007843
0.007856
0.007784
0.007982
0.008005
0.007855
0.007894
0.007834
0.007827
0.007783
0.008016
0.007909
0.007890
0.007853
0.007895
0.007805
0.007988
0.008039
0.007928
0.007914
0.007886
0.007780
0.008003
0.008108
0.009002
0.007723
0.007937
0.007841
0.007810
0.007766
0.007840
0.007721
0.007944
0.007929
0.007816
0.007748
0.007756
0.007720
0.007944
0.007959
0.007801
0.007814
0.007792
0.007788
0.007701
0.007944
0.007925
0.007861
0.007789
0.007812
0.007726
0.007944
0.007940
0.007821
0.007807
0.007469
0.007689
0.007923
0.007942
0.007923
0.007917
0.007829
0.007810
0.007787
0.007701
0.007953
0.007939
0.007813
0.007873
0.007706
0.007993
0.007806
0.007800
0.007831
0.007754
0.007954
0.007929
0.007884
0.007842
0.007840
0.007774
0.007990
0.008032
0.007859
0.007864
0.007859
0.007784
0.008045
0.007743
0.007945
0.007951
0.007841
0.007889
0.007818
0.007738
0.007961
0.008166
0.008003
0.008003
0.007503
0.007727
0.007683
0.007957
0.007846
0.007901
0.007815
0.007844
0.007709
0.007964
0.007974
0.007843
0.007848
0.007797
0.007706
0.007966
0.007962
0.007827
0.007729
0.007758
0.007846
0.007870
0.007811
0.007861
0.007717
0.007949
0.007922
0.007843
0.007822
0.007839
0.007749
0.007965
0.007957
0.007832
0.007802
0.007812
0.007703
0.007921
0.007958
0.007817
0.007814
0.007785
0.007832
0.007748
0.007658
0.007881
0.007878
0.007813
0.007811
0.007737
0.007979
0.007955
0.007860
0.007837
0.007813
0.007735
0.007969
0.007935
0.007870
0.007859
0.007797
0.007759
0.007730
0.007931
0.007830
0.007829
0.007773
0.007830
0.007717
0.007942
0.007930
0.007878
0.007729
0.007788
0.007848
0.007934
0.007767
0.007804
0.007754
0.007959
0.007922
0.007836
0.007802
0.007796
0.007723
0.007925
0.007829
0.007844
0.007805
0.007831
0.007812
0.007797
0.007715
0.007952
0.007950
0.007946
0.007802
0.007801
0.007766
0.007772
0.007729
0.007960
0.007838
0.007818
0.007792
0.007848
0.007746
0.007976
0.007952
0.007870
0.007835
0.007803
0.007730
0.007937
0.007951
0.007889
0.007793
0.007800
0.007775
0.007836
0.007954
0.007860
0.007932
0.007839
0.007801
0.007785
0.007937
0.008012
0.007886
0.007829
0.007781
0.007932
0.007815
0.007848
0.007813
0.007870
0.007696
0.007918
0.007924
0.007828
0.007776
0.007828
0.007717
0.007949
0.009052
0.008275
0.007707
0.007937
0.007837
0.007861
0.007898
0.007857
0.007915
0.007888
0.007895
0.007883
0.007898
0.007864
0.007760
0.008053
0.007995
0.007903
0.007885
0.007826
0.007974
0.007970
0.007867
0.007857
0.007917
0.007793
0.008001
0.008012
0.007881
0.007873
0.007914
0.007857
0.007863
0.007830
0.007856
0.007779
0.007993
0.008007
0.007872
0.007953
0.007878
0.007778
0.008100
0.008007
0.007870
0.007916
0.007836
0.007827
0.007787
0.007996
0.007863
0.007901
0.007861
0.007878
0.007807
0.008006
0.008000
0.007900
0.007778
0.008038
0.007889
0.007834
0.007842
0.007807
0.007776
0.008002
0.007884
0.007880
0.007854
0.007854
0.007880
0.007808
0.008081
0.007811
0.007980
0.008018
0.007863
0.007844
0.007889
0.007803
0.007986
0.008005
0.007879
0.007905
0.007875
0.007829
0.007759
0.008012
0.007952
0.007881
0.007910
0.007901
0.007783
0.008019
0.008038
0.007927
0.007843
0.007791
0.007939
0.007891
0.007834
0.007860
0.007784
0.008029
0.007884
0.007882
0.007859
0.007895
0.007792
0.008007
0.009183
0.008325
0.007990
0.007933
0.007818
0.007809
0.007819
0.007747
0.007745
0.007935
0.007821
0.007836
0.007816
0.007796
0.007718
0.007938
0.007944
0.007825
0.007833
0.007934
0.007823
0.007874
0.007840
0.007755
0.007921
0.007945
0.007821
0.007841
0.007783
0.007801
0.007717
0.007940
0.007910
0.007829
0.007792
0.007524
0.007729
0.007947
0.007962
0.007841
0.007758
0.007816
0.007715
0.007934
0.007944
0.007821
0.007800
0.007785
0.007790
0.007738
0.007942
0.007858
0.007823
0.007797
0.007831
0.007715
0.007967
0.007942
0.007831
0.007828
0.007818
0.007726
0.007954
0.007936
0.007830
0.007835
0.007803
0.007707
0.007699
0.007961
0.007841
0.007853
0.007800
0.007800
0.007733
0.007958
0.007941
0.007799
0.007825
0.007520
0.007813
0.007784
0.007729
0.007939
0.007944
0.007723
0.007990
0.007962
0.007920
0.007821
0.007808
0.007767
0.007796
0.007721
0.007913
0.007925
0.007823
0.007757
0.007779
0.007713
0.007923
0.007945
0.007815
0.007958
0.007942
0.007831
0.007800
0.007817
0.007810
0.007728
0.007963
0.007919
0.007807
0.007789
0.007838
0.007703
0.007956
0.007949
0.008064
0.007899
0.007813
0.007754
0.007968
0.007638
0.007835
0.007963
0.008030
0.007755
0.007851
0.007987
0.007851
0.007927
0.007782
0.007720
0.007937
0.007923
0.007809
0.007781
0.007719
0.007709
0.007906
0.007845
0.007764
0.007809
0.007802
0.007716
0.007928
0.007963
0.007803
0.007771
0.007807
0.007699
0.007940
0.007946
0.007844
0.008837
0.008281
0.007904
0.007925
0.007861
0.007912
0.007915
0.007894
0.007865
0.007778
0.008031
0.007980
0.007553
0.007867
0.007860
0.007835
0.007767
0.008011
0.007883
0.007918
0.007898
0.007805
0.008059
0.007917
0.007869
0.007872
0.007910
0.007769
0.007994
0.007941
0.007891
0.007833
0.007861
0.007778
0.008012
0.008213
0.007863
0.007817
0.007850
0.007778
0.007994
0.007987
0.007891
0.007894
0.007865
0.007870
0.007767
0.007955
0.007891
0.007924
0.007900
0.007904
0.007875
0.008083
0.007863
0.007805
0.007870
0.007848
0.007794
0.007989
0.007990
0.007885
0.007882
0.007834
0.007863
0.007757
0.008001
0.007921
0.007828
0.007857
0.007865
0.007770
0.007988
0.007994
0.007863
0.007827
0.007832
0.007765
0.007990
0.007992
0.007831
0.007885
0.007834
0.007836
0.007809
0.008021
0.007891
0.007889
0.007876
0.007849
0.007809
0.007998
0.007975
0.007881
0.007933
0.007850
0.007839
0.007811
0.007973
0.007879
0.007874
0.007749
0.008062
0.007992
0.007852
0.007826
0.007855
0.007834
0.007785
0.007992
0.007855
0.007864
0.007855
0.007855
0.007791
0.007997
0.007997
0.007864
0.007865
0.007821
0.007790
0.008005
0.007985
0.007879
0.007861
0.007858
0.007879
0.007862
0.007867
0.007845
0.007781
0.007981
0.007890
0.007872
0.007914
0.007871
0.007818
0.007811
0.007796
0.007990
0.007872
0.007895
0.007845
0.007876
0.007773
0.008044
0.008891
0.007981
0.007856
0.007792
0.007787
0.007796
0.007706
0.008976
0.008396
0.007701
0.007946
0.007966
0.007875
0.007880
0.007855
0.007816
0.007781
0.007984
0.007868
0.007857
0.007861
0.007843
0.007777
0.008023
0.007979
0.007883
0.007881
0.007852
0.007782
0.008046
0.008827
0.007919
0.007948
0.007780
0.007727
0.007785
0.007700
0.007936
0.008912
0.008397
0.007804
0.007734
0.007974
0.007996
0.007885
0.007825
0.007887
0.007806
0.007757
0.008003
0.007886
0.007869
0.007880
0.007823
0.007766
0.007995
0.007865
0.007858
0.007870
0.007889
0.007761
0.007989
0.008903
0.007904
0.007742
0.007781
0.007789
0.007822
0.007736
0.007953
0.007968
0.007829
0.007767
0.007783
0.007775
0.007691
0.007954
0.007800
0.007763
0.007809
0.007836
0.007692
0.007957
0.007948
0.007527
0.007938
0.007961
0.007648
0.007972
0.007421
0.007378
0.007410
0.007344
0.007278
0.007562
0.007508
0.007426
0.007391
0.007381
0.007273
0.007556
0.007518
0.007360
0.007443
0.007277
0.007546
0.007417
0.007331
0.007372
0.007346
0.007618
0.007128
0.007355
0.007381
0.007275
0.007612
0.007284
0.007327
0.007444
0.007404
0.007702
0.007675
0.007727
0.007659
0.007715
0.007707
0.007707
0.007698
0.007720
0.007661
0.007697
0.007664
0.007761
0.007635
0.007755
0.007660
0.007734
0.007670
0.007670
0.007765
0.007678
0.007719
0.007702
0.007659
0.007753
0.007652
0.007719
0.007653
0.007740
0.007694
0.007677
0.007730
0.007690
0.007656
0.007774
0.007629
0.007763
0.007683
0.007694
0.007710
0.007653
0.007719
0.007685
0.007725
0.007671
0.007680
0.007740
0.007692
0.007712
0.007745
0.007624
0.007737
0.007695
0.007676
0.007706
0.007757
0.007630
0.007686
0.007712
0.007714
0.007679
0.007716
0.007722
0.007675
0.007707
0.007672
0.007725
0.007703
0.007684
0.007688
0.007684
0.007719
0.007674
0.007746
0.007668
0.007705
0.007735
0.007707
0.007699
0.007668
0.007691
0.007679
0.007690
0.007696
0.007727
0.007699
0.007694
0.007674
0.007753
0.007678
0.007723
0.007728
0.007636
0.007707
0.007727
0.007658
0.007698
0.007690
0.007732
0.007656
0.007742
0.007692
0.007686
0.007719
0.007660
0.007697
0.007725
0.007695
0.007701
0.007697
0.007679
0.007720
0.007687
0.007708
0.007718
0.007672
0.007732
0.007651
0.007760
0.007670
0.007668
0.007728
0.007670
0.007713
0.007681
0.007711
0.007721
0.007692
0.007706
0.007706
0.007657
0.007734
0.007636
0.007770
0.007658
0.007712
0.007715
0.007622
0.007825
0.007619
0.007732
0.007681
0.007675
0.007749
0.007662
0.007710
0.007702
0.007697
0.007695
0.007692
0.007695
0.007706
0.007692
0.007748
0.007629
0.007735
0.007705
0.007704
0.007688
0.007685
0.007731
0.007661
0.007691
0.007717
0.007686
0.007713
0.007714
0.007640
0.007781
0.007646
0.007722
0.007675
0.007728
0.007699
0.007707
0.007698
0.007645
0.007747
0.007717
0.007648
0.007677
0.007768
0.007645
0.007840
0.007565
0.007700
0.007718
0.007650
0.007741
0.007658
0.007741
0.007748
0.007597
0.007773
0.007659
0.007705
0.007699
0.007672
0.007754
0.007688
0.007693
0.007661
0.007697
0.007721
0.007641
0.007765
0.007684
0.007713
0.007720
0.007637
0.007754
0.007678
0.007713
0.007740
0.007602
0.007744
0.007693
0.007683
0.007722
0.007657
0.007771
0.007628
0.007765
0.007674
0.007687
0.007716
0.007649
0.007717
0.007706
0.007693
0.007721
0.007664
0.007750
0.007682
0.007683
0.007752
0.007615
0.007756
0.007664
0.007708
0.007707
0.007641
0.007767
0.007640
0.007765
0.007689
0.007681
0.007735
0.007641
0.007736
0.007704
0.007668
0.007738
0.007655
0.007721
0.007683
0.007716
0.007692
0.007676
0.007750
0.007644
0.007744
0.007687
0.007661
0.007737
0.007659
0.007712
0.007700
0.007711
0.007701
0.007666
0.007763
0.007680
0.007683
0.007727
0.007641
0.007755
0.007684
0.007686
0.007687
0.007677
0.007755
0.007662
0.007755
0.007684
0.007677
0.007732
0.007632
0.007718
0.007729
0.007661
0.007728
0.007664
0.007727
0.007691
0.007685
0.007749
0.007633
0.007757
0.007672
0.007705
0.007699
0.007665
0.007747
0.007634
0.007751
0.007680
0.007709
0.007696
0.007704
0.007690
0.007739
0.007648
0.007727
0.007695
0.007719
0.007706
0.007632
0.007760
0.007662
0.007697
0.007747
0.007632
0.007720
0.007717
0.007692
0.007690
0.007657
0.007782
0.007619
0.007748
0.007682
0.007681
0.007739
0.007643
0.007757
0.007682
0.007702
0.007719
0.007652
0.007787
0.007629
0.007713
0.007697
0.007687
0.007715
0.007787
0.007607
0.007675
0.007683
0.007737
0.007633
0.007798
0.007647
0.007718
0.007701
0.007639
0.007762
0.007686
0.007695
0.007696
0.007663
0.007727
0.007681
0.007733
0.007682
0.007694
0.007749
0.007689
0.007682
0.007698
0.007694
0.007711
0.007681
0.007687
0.007727
0.007643
0.007783
0.007650
0.007735
0.007687
0.007649
0.007731
0.007719
0.007671
0.007708
0.007675
0.007710
0.007729
0.007636
0.007739
0.007678
0.007726
0.007685
0.007702
0.007720
0.007664
0.007749
0.007654
0.007682
0.007772
0.007599
0.007767
0.007677
0.007714
0.007704
0.007670
0.007722
0.007698
0.007723
0.007680
0.007658
0.007729
0.007701
0.007685
0.007703
0.007686
0.007749
0.007693
0.007654
0.007723
0.007701
0.007699
0.007693
0.007685
0.007720
0.007697
0.007667
0.007733
0.007680
0.007738
0.007629
0.007743
0.007694
0.007713
0.007685
0.007668
0.007740
0.007668
0.007709
0.007705
0.007676
0.007716
0.007765
0.007632
0.007730
0.007664
0.007720
0.007699
0.007652
0.007748
0.007638
0.007753
0.007652
0.007746
0.007664
0.007681
0.007720
0.007716
0.007686
0.007720
0.007674
0.007749
0.007659
0.007727
0.007698
0.007655
0.007719
0.007689
0.007719
0.007696
0.007650
0.007775
0.007647
0.007736
0.007664
0.007735
0.007698
0.007653
0.007751
0.007648
0.007733
0.007701
0.007625
0.007783
0.007663
0.007717
0.007692
0.007682
0.007752
0.007677
0.007715
0.007648
0.007703
0.007711
0.007658
0.007745
0.007679
0.007729
0.007717
0.007654
0.007742
0.007680
0.007705
0.007719
0.007659
0.007689
0.007659
0.007766
0.007632
0.007762
0.007689
0.007697
0.007740
0.007624
0.007748
0.007665
0.007739
0.007689
0.007648
0.007740
0.007683
0.007699
0.007710
0.007681
0.007749
0.007691
0.007688
0.007680
0.007696
0.007718
0.007639
0.007767
0.007645
0.007722
0.007715
0.007650
0.007752
0.007689
0.007706
0.007766
0.007618
0.007717
0.007664
0.007721
0.007679
0.007661
0.007776
0.007628
0.007756
0.007694
0.007699
0.007715
0.007655
0.007715
0.007678
0.007755
0.007704
0.007624
0.007764
0.007652
0.007691
0.007750
0.007671
0.007721
0.007668
0.007722
0.007694
0.007655
0.007766
0.007664
0.007696
0.007734
0.007660
0.007732
0.007648
0.007729
0.007706
0.007660
0.007723
0.007693
0.007734
0.007691
0.007664
0.007747
0.007676
0.007709
0.007654
0.007694
0.007742
0.007685
0.007719
0.007692
0.007666
0.007741
0.007660
0.007718
0.007664
0.007726
0.007716
0.007663
0.007725
0.007679
0.007723
0.007695
0.007657
0.007747
0.007667
0.007735
0.007678
0.007697
0.007714
0.007731
0.007673
0.007667
0.007646
0.007811
0.007604
0.007755
0.007695
0.007684
0.007728
0.007639
0.007766
0.007645
0.007743
0.007696
0.007642
0.007757
0.007697
0.007644
0.007766
0.007667
0.007694
0.007735
0.007641
0.007734
0.007778
0.007623
0.007673
0.007689
0.007728
0.007638
0.007786
0.007652
0.007717
0.007724
0.007637
0.007758
0.007668
0.007705
0.007707
0.007646
0.007708
0.007716
0.007697
0.007736
0.007675
0.007684
0.007736
0.007689
0.007679
0.007743
0.007637
0.007737
0.007715
0.007611
0.007783
0.007649
0.007728
0.007709
0.007678
0.007738
0.007893
0.007512
0.007640
0.007709
0.007727
0.007633
0.007760
0.007672
0.007687
0.007737
0.007646
0.007746
0.007696
0.007712
0.007702
0.007656
0.007724
0.007701
0.007692
0.007668
0.007716
0.007712
0.007696
0.007698
0.007671
0.007715
0.007717
0.007674
0.007667
0.007766
0.007629
0.007732
0.007691
0.007707
0.007697
0.007666
0.007759
0.007667
0.007704
0.007729
0.007633
0.007760
0.007671
0.007715
0.007679
0.007726
0.007673
0.007702
0.007721
0.007657
0.007694
0.007757
0.007630
0.007740
0.007715
0.007698
0.007693
0.007905
0.007574
0.007575
0.007737
0.007700
0.007640
0.007781
0.007653
0.007728
0.007678
0.007677
0.007740
0.007686
0.007705
0.007669
0.007733
0.007673
0.007663
0.007725
0.007722
0.007691
0.007721
0.007651
0.007743
0.007677
0.007721
0.007688
0.007674
0.007718
0.007673
0.007746
0.007658
0.007684
0.007742
0.007661
0.007732
0.007696
0.007698
0.007713
0.007653
0.007739
0.007681
0.007707
0.007699
0.007653
0.007767
0.007648
0.007733
0.007681
0.007704
0.007755
0.007672
0.007690
0.007678
0.007680
0.007711
0.007664
0.007745
0.007664
0.007729
0.007726
0.007631
0.007756
0.007676
0.007720
0.007677
0.007679
0.007721
0.007687
0.007721
0.007671
0.007702
0.007740
0.007659
0.007714
0.007704
0.007709
0.007701
0.007657
0.007712
0.007699
0.007734
0.007672
0.007646
0.007771
0.007650
0.007734
0.007722
0.007662
0.007734
0.007703
0.007637
0.007739
0.007672
0.007715
0.007676
0.007700
0.007722
0.007735
0.007665
0.007725
0.007680
0.007677
0.007712
0.007664
0.007761
0.007637
0.007725
0.007711
0.007664
0.007737
0.007656
0.007765
0.007654
0.007719
0.007707
0.007666
0.007728
0.007683
0.007680
0.007712
0.007664
0.007747
0.007683
0.007708
0.007703
0.007716
0.007689
0.007666
0.007778
0.007600
0.007752
0.007696
0.007676
0.007728
0.007636
0.007742
0.007730
0.007694
0.007674
0.007676
0.007745
0.007650
0.007728
0.007713
0.007640
0.007741
0.007653
0.007737
0.007703
0.007697
0.007722
0.007635
0.007766
0.007685
0.007693
0.007710
0.007643
0.007736
0.007691
0.007713
0.007682
0.007693
0.007717
0.007667
0.007719
0.007728
0.007659
0.007748
0.007636
0.007750
0.007680
0.007683
0.007742
0.007677
0.007659
0.007752
0.007652
0.007752
0.007692
0.007679
0.007697
0.007667
0.007770
0.007688
0.007631
0.007778
0.007634
0.007716
0.007690
0.007675
0.007731
0.007681
0.007745
0.007696
0.007665
0.007722
0.007688
0.007684
0.007736
0.007661
0.007659
0.007752
0.007662
0.007743
0.007712
0.007673
0.007755
0.007609
0.007769
0.007676
0.007664
0.007743
0.007641
0.007745
0.007692
0.007725
0.007667
0.007738
0.007653
0.007801
0.007566
0.007797
0.007659
0.007668
0.007736
0.007604
0.007804
0.007624
0.007717
0.007733
0.007682
0.007733
0.007702
0.007686
0.007703
0.007666
0.007706
0.007696
0.007663
0.007756
0.007623
0.007767
0.007683
0.007701
0.007727
0.007651
0.007726
0.007698
0.007697
0.007691
0.007646
0.007782
0.007612
0.007752
0.007735
0.007675
0.007721
0.007625
0.007754
0.007755
0.007629
0.007730
0.007639
0.007766
0.007679
0.007675
0.007743
0.007629
0.007746
0.007677
0.007695
0.007720
0.007677
0.007726
0.007651
0.007741
0.007699
0.007683
0.007735
0.007614
0.007753
0.007700
0.007700
0.007721
0.007677
0.007738
0.007684
0.007659
0.007727
0.007641
0.007765
0.007660
0.007717
0.007710
0.007660
0.007728
0.007653
0.007757
0.007679
0.007695
0.007736
0.007647
0.007753
0.007665
0.007698
0.007734
0.007625
0.007734
0.007717
0.007653
0.007739
0.007652
0.007773
0.007625
0.007740
0.007713
0.007656
0.007772
0.007585
0.007744
0.007719
0.007692
0.007694
0.007692
0.007738
0.007678
0.007688
0.007743
0.007647
0.007723
0.007710
0.007674
0.007703
0.007653
0.007755
0.007648
0.007759
0.007690
0.007687
0.007720
0.007639
0.007767
0.007692
0.007653
0.007751
0.007632
0.007730
0.007724
0.007622
0.007786
0.007686
0.007667
0.007758
0.007601
0.007793
0.007663
0.007692
0.007763
0.007630
0.007692
0.007703
0.007650
0.007770
0.007644
0.007760
0.007686
0.007665
0.007752
0.007632
0.007742
0.007694
0.007684
0.007714
0.007661
0.007744
0.007695
0.007713
0.007747
0.007594
0.007740
0.007723
0.007658
0.007700
0.007679
0.007757
0.007594
0.007775
0.007684
0.007671
0.007715
0.007730
0.007696
0.007720
0.007636
0.007718
0.007731
0.007645
0.007759
0.007617
0.007790
0.007675
0.007699
0.007714
0.007649
0.007747
0.007698
0.007658
0.007728
0.007632
0.007754
0.007672
0.007725
0.007703
0.007683
0.007734
0.007684
0.007686
0.007729
0.007627
0.007738
0.007715
0.007700
0.007720
0.007632
0.007719
0.007739
0.007639
0.007714
0.007684
0.007770
0.007647
0.007686
0.007726
0.007663
0.007763
0.007628
0.007751
0.007714
0.007633
0.007751
0.007637
0.007717
0.007746
0.007652
0.007743
0.007640
0.007788
0.007678
0.007654
0.007771
0.007602
0.007732
0.007728
0.007652
0.007726
0.007647
0.007756
0.007659
0.007767
0.007681
0.007659
0.007753
0.007662
0.007688
0.007710
0.007635
0.007761
0.007694
0.007702
0.007726
0.007644
0.007753
0.007684
0.007706
0.007713
0.007650
0.007730
0.007671
0.007675
0.007727
0.007651
0.007764
0.007650
0.007759
0.007691
0.007688
0.007709
0.007770
0.007625
0.007647
0.007743
0.007652
0.007745
0.007637
0.007785
0.007660
0.007682
0.007751
0.007628
0.007751
0.007691
0.007678
0.007739
0.007657
0.007734
0.007669
0.007699
0.007696
0.007661
0.007787
0.007639
0.007753
0.007685
0.007638
0.007772
0.007643
0.007718
0.007693
0.007689
0.007688
0.007685
0.007743
0.007700
0.007707
0.007714
0.007649
0.007735
0.007694
0.007672
0.007718
0.007651
0.007752
0.007670
0.007710
0.007716
0.007663
0.007744
0.007689
0.007666
0.007752
0.007619
0.007748
0.007706
0.007684
0.007712
0.007665
0.007726
0.007686
0.007708
0.007737
0.007622
0.007782
0.007653
0.007706
0.007708
0.007653
0.007755
0.007658
0.007715
0.007689
0.007734
0.007677
0.007680
0.007712
0.007720
0.007667
0.007750
0.007615
0.007753
0.007708
0.007659
0.007738
0.007650
0.007752
0.007663
0.007715
0.007705
0.007667
0.007761
0.007627
0.007740
0.007699
0.007660
0.007756
0.007626
0.007742
0.007706
0.007692
0.007719
0.007649
0.007766
0.007660
0.007699
0.007751
0.007623
0.007736
0.007714
0.007663
0.007704
0.007662
0.007765
0.007626
0.007737
0.007725
0.007661
0.007750
0.007634
0.007761
0.007673
0.007691
0.007700
0.007667
0.007733
0.007688
0.007700
0.007720
0.007629
0.007759
0.007740
0.007622
0.007761
0.007623
0.007751
0.007645
0.007745
0.007704
0.007676
0.007740
0.007627
0.007787
0.007666
0.007691
0.007743
0.007626
0.007756
0.007664
0.007698
0.007692
0.007690
0.007728
0.007652
0.007752
0.007685
0.007698
0.007764
0.007608
0.007736
0.007698
0.007708
0.007662
0.007680
0.007722
0.007685
0.007745
0.007692
0.007669
0.007737
0.007722
0.007689
0.007674
0.007656
0.007752
0.007639
0.007732
0.007676
0.007712
0.007710
0.007679
0.007720
0.007734
0.007625
0.007741
0.007722
0.007672
0.007729
0.007674
0.007742
0.007638
0.007690
0.007759
0.007614
0.007761
0.007687
0.007664
0.007754
0.007702
0.007666
0.007717
0.007669
0.007735
0.007677
0.007658
0.007746
0.007868
0.007529
0.007670
0.007752
0.007678
0.007694
0.007670
0.007697
0.007760
0.007679
0.007651
0.007765
0.007612
0.007765
0.007709
0.007666
0.007716
0.007669
0.007740
0.007698
0.007651
0.007746
0.007654
0.007697
0.007720
0.007694
0.007656
0.007756
0.007682
0.007705
0.007693
0.007672
0.007751
0.007669
0.007736
0.007684
0.007685
0.007702
0.007687
0.007682
0.007730
0.007683
0.007729
0.007637
0.007783
0.007669
0.007706
0.007711
0.007618
0.007761
0.007689
0.007657
0.007724
0.007661
0.007743
0.007739
0.007650
0.007747
0.007635
0.007779
0.007666
0.007664
0.007744
0.007616
0.007763
0.007684
0.007707
0.007689
0.007692
0.007741
0.007687
0.007675
0.007751
0.007628
0.007757
0.007654
0.007702
0.007704
0.007647
0.007772
0.007637
0.007750
0.007709
0.007686
0.007718
0.007691
0.007666
0.007711
0.007690
0.007738
0.007633
0.007727
0.007710
0.007709
0.007740
0.007604
0.007771
0.007661
0.007716
0.007689
0.007673
0.007736
0.007645
0.007745
0.007680
0.007679
0.007764
0.007616
0.007780
0.007671
0.007712
0.007706
0.007614
0.007780
0.007678
0.007700
0.007710
0.007623
0.007766
0.007669
0.007717
0.007716
0.007696
0.007709
0.007642
0.007729
0.007716
0.007689
0.007700
0.007652
0.007743
0.007700
0.007656
0.007778
0.007644
0.007743
0.007683
0.007690
0.007696
0.007671
0.007768
0.007586
0.007767
0.007697
0.007682
0.007732
0.007654
0.007730
0.007695
0.007716
0.007700
0.007642
0.007762
0.007686
0.007684
0.007752
0.007599
0.007746
0.007727
0.007711
0.007665
0.007677
0.007758
0.007631
0.007736
0.007681
0.007700
0.007714
0.007654
0.007750
0.007667
0.007693
0.007720
0.007648
0.007766
0.007677
0.007708
0.007699
0.007683
0.007732
0.007655
0.007718
0.007706
0.007725
0.007686
0.007634
0.007737
0.007711
0.007675
0.007754
0.007615
0.007786
0.007663
0.007713
0.007728
0.007609
0.007741
0.007692
0.007676
0.007705
0.007700
0.007729
0.007675
0.007726
0.007699
0.007661
0.007738
0.007628
0.007744
0.007698
0.007651
0.007739
0.007667
0.007763
0.007681
0.007949
0.007491
0.007638
0.007747
0.007647
0.007738
0.007672
0.007682
0.007735
0.007645
0.007749
0.007667
0.007707
0.007714
0.007670
0.007743
0.007677
0.007701
0.007733
0.007645
0.007723
0.007709
0.007686
0.007664
0.007738
0.007696
0.007698
0.007735
0.007653
0.007674
0.007766
0.007637
0.007731
0.007687
0.007692
0.007732
0.007643
0.007740
0.007686
0.007702
0.007732
0.007624
0.007786
0.007655
0.007667
0.007750
0.007690
0.007709
0.007714
0.007615
0.007767
0.007671
0.007752
0.007662
0.007712
0.007636
0.007741
0.007708
0.007706
0.007671
0.007706
0.007731
0.007654
0.007721
0.007688
0.007679
0.007758
0.007621
0.007712
0.007728
0.007687
0.007760
0.007621
0.007754
0.007639
0.007749
0.007754
0.007592
0.007725
0.007663
0.007736
0.007674
0.007687
0.007738
0.007647
0.007754
0.007671
0.007706
0.007706
0.007645
0.007716
0.007714
0.007698
0.007727
0.007625
0.007764
0.007691
0.007702
0.007727
0.007690
0.007689
0.007697
0.007666
0.007737
0.007663
0.007734
0.007689
0.007685
0.007712
0.007693
0.007681
0.007737
0.007715
0.007678
0.007680
0.007662
0.007733
0.007670
0.007716
0.007704
0.007725
0.007686
0.007666
0.007748
0.007677
0.007697
0.007725
0.007639
0.007747
0.007677
0.007676
0.007682
0.007735
0.007731
0.007687
0.007724
0.007658
0.007720
0.007696
0.007657
0.007707
0.007718
0.007682
0.007724
0.007651
0.007761
0.007664
0.007721
0.007722
0.007650
0.007752
0.007657
0.007704
0.007689
0.007679
0.007724
0.007641
0.007766
0.007679
0.007722
0.007692
0.007668
0.007734
0.007683
0.007724
0.007699
0.007632
0.007756
0.007664
0.007726
0.007690
0.007685
0.007726
0.007757
0.007659
0.007653
0.007690
0.007751
0.007623
0.007754
0.007684
0.007717
0.007699
0.007646
0.007749
0.007672
0.007712
0.007713
0.007649
0.007770
0.007657
0.007711
0.007691
0.007699
0.007727
0.007710
0.007672
0.007678
0.007724
0.007682
0.007692
0.007717
0.007684
0.007709
0.007716
0.007640
0.007751
0.007681
0.007700
0.007705
0.007669
0.007733
0.007660
0.007767
0.007652
0.007691
0.007748
0.007648
0.007750
0.007667
0.007696
0.007704
0.007667
0.007715
0.007692
0.007728
0.007719
0.007644
0.007751
0.007701
0.007635
0.007748
0.007669
0.007697
0.007705
0.007662
0.007761
0.007672
0.007687
0.007727
0.007662
0.007744
0.007692
0.007725
0.007664
0.007712
0.007703
0.007656
0.007703
0.007696
0.007735
0.007720
0.007614
0.007779
0.007662
0.007713
0.007703
0.007686
0.007720
0.007693
0.007673
0.007694
0.007687
0.007739
0.007659
0.007738
0.007683
0.007723
0.007692
0.007644
0.007763
0.007672
0.007697
0.007696
0.007645
0.007756
0.007682
0.007709
0.007693
0.007713
0.007698
0.007712
0.007724
0.007650
0.007688
0.007732
0.007640
0.007746
0.007707
0.007687
0.007694
0.007675
0.007739
0.007692
0.007723
0.007664
0.007651
0.007769
0.007657
0.007746
0.007762
0.007592
0.007705
0.007721
0.007698
0.007668
0.007741
0.007696
0.007659
0.007733
0.007689
0.007704
0.007740
0.007615
0.007746
0.007674
0.007696
0.007721
0.007675
0.007772
0.007635
0.007723
0.007682
0.007687
0.007738
0.007683
0.007645
0.007765
0.007681
0.007692
0.007714
0.007688
0.007714
0.007663
0.007725
0.007681
0.007742
0.007680
0.007638
0.007779
0.007665
0.007698
0.007718
0.007657
0.007758
0.007661
0.007720
0.007696
0.007653
0.007757
0.007647
0.007754
0.007658
0.007722
0.007682
0.007641
0.007748
0.007690
0.007717
0.007705
0.007699
0.007699
0.007706
0.007653
0.007744
0.007671
0.007713
0.007732
0.007597
0.007782
0.007653
0.007740
0.007657
0.007701
0.007751
0.007695
0.007699
0.007665
0.007729
0.007686
0.007649
0.007750
0.007675
0.007711
0.007723
0.007632
0.007752
0.007694
0.007713
0.007697
0.007716
0.007676
0.007649
0.007768
0.007598
0.007741
0.007703
