0.008219
0.007615
0.007578
0.007738
0.007615
0.007507
0.007478
0.007341
0.007687
0.007410
0.007389
0.007400
0.007801
0.007050
0.007409
0.007440
0.007634
0.007633
0.007506
0.007413
0.007641
0.007565
0.007482
0.007341
0.007421
0.007432
0.007677
0.007304
0.007703
0.007375
0.007707
0.007409
0.008797
0.007537
0.007393
0.007531
0.007685
0.007219
0.007585
0.007484
0.007332
0.007234
0.007240
0.007278
0.007448
0.007271
0.007269
0.007351
0.007573
0.007284
0.007364
0.007214
0.007253
0.007453
0.007260
0.007269
0.007229
0.007109
0.007275
0.007215
0.007228
0.007268
0.007434
0.007231
0.007285
0.007246
0.007626
0.007269
0.007243
0.007204
0.007267
0.007468
0.007223
0.007255
0.007297
0.007432
0.007331
0.007253
0.007237
0.007508
0.007628
0.007256
0.007430
0.007384
0.007494
0.007309
0.007320
0.007331
0.007405
0.007644
0.007361
0.007326
0.007096
0.007426
0.007416
0.006824
0.007319
0.007355
0.007662
0.007282
0.007343
0.007412
0.007381
0.007525
0.007263
0.007480
0.006906
0.007499
0.007858
0.007667
0.007544
0.007533
0.007141
0.007181
0.007590
0.007484
0.008078
0.007373
0.007240
0.007717
0.007647
0.007268
0.007660
0.007123
0.007406
0.007631
0.007511
0.007365
0.007363
0.007523
0.007584
0.007265
0.007478
0.007294
0.007632
0.007341
0.007337
0.007273
0.007770
0.007241
0.007455
0.007271
0.007351
0.007644
0.007362
0.007272
0.007629
0.007474
0.007469
0.007296
0.007372
0.007456
0.007570
0.007247
0.007568
0.007290
0.007623
0.007278
0.007359
0.007345
0.007365
0.007472
0.007554
0.007339
0.007410
0.007498
0.007505
0.007059
0.007347
0.007228
0.007783
0.007278
0.007383
0.007280
0.007624
0.007384
0.007371
0.007247
0.007718
0.007528
0.007506
0.007352
0.007334
0.007628
0.008250
0.007129
0.007277
0.007328
0.007606
0.007582
0.007333
0.007399
0.007728
0.007917
0.007345
0.007557
0.007385
0.007479
0.007691
0.007268
0.007554
0.007623
0.007621
0.007393
0.007511
0.007282
0.007798
0.007340
0.007410
0.007366
0.007567
0.007338
0.007343
0.007253
0.007641
0.007481
0.007398
0.007279
0.007451
0.007573
0.007357
0.007339
0.007572
0.007250
0.007651
0.007373
0.007359
0.007342
0.007588
0.007238
0.007610
0.007229
0.007622
0.007590
0.007405
0.007498
0.007165
0.007443
0.007661
0.007187
0.007465
0.007337
0.007657
0.007386
0.007315
0.007266
0.007456
0.007298
0.007333
0.007214
0.007260
0.007499
0.007253
0.007273
0.007264
0.007464
0.007235
0.007256
0.006911
0.007233
0.007469
0.007243
0.007276
0.007257
0.007444
0.007251
0.007242
0.007297
0.007223
0.007487
0.007220
0.007229
0.007237
0.007428
0.007251
0.007278
0.007247
0.007270
0.007500
0.007309
0.007331
0.007243
0.007470
0.007243
0.007242
0.007391
0.007425
0.007610
0.007297
0.007331
0.007392
0.007517
0.007291
0.007426
0.007288
0.007338
0.007605
0.007262
0.007316
0.007414
0.007509
0.007341
0.007083
0.007337
0.007247
0.007515
0.007273
0.007237
0.007254
0.007435
0.007225
0.007330
0.007235
0.007211
0.007470
0.007253
0.007200
0.007242
0.007435
0.007269
0.007254
0.007224
0.007305
0.007513
0.007228
0.007222
0.007292
0.007433
0.007226
0.007243
0.007190
0.007251
0.007505
0.007255
0.007229
0.007238
0.007433
0.007204
0.007352
0.007219
0.007263
0.007496
0.007306
0.007235
0.007244
0.007411
0.006954
0.007248
0.007192
0.007345
0.007492
0.007215
0.007294
0.007220
0.007451
0.007241
0.007247
0.007218
0.007229
0.007449
0.007219
0.007221
0.007234
0.007497
0.007240
0.007222
0.007243
0.007238
0.007473
0.007220
0.007220
0.007262
0.007443
0.007228
0.007228
0.007288
0.007211
0.007483
0.007204
0.007240
0.007229
0.007412
0.007229
0.007263
0.007274
0.007243
0.007503
0.007297
0.007258
0.007228
0.007146
0.007321
0.007223
0.007187
0.007234
0.007489
0.007263
0.007229
0.007319
0.007473
0.007219
0.007239
0.007195
0.007221
0.007462
0.007212
0.007223
0.007239
0.007435
0.007217
0.007306
0.007260
0.007234
0.007494
0.007214
0.007205
0.007266
0.007416
0.007229
0.007452
0.007205
0.007204
0.007555
0.007216
0.007223
0.007237
0.007387
0.007222
0.007249
0.007205
0.007231
0.007502
0.007178
0.007205
0.007300
0.007429
0.007208
0.007232
0.007280
0.007219
0.007478
0.007246
0.007227
0.007242
0.007439
0.007301
0.007257
0.007194
0.007191
0.007471
0.007200
0.007212
0.007273
0.007393
0.007219
0.007245
0.007199
0.007316
0.007621
0.007218
0.007408
0.007293
0.007597
0.007371
0.007352
0.007213
0.007624
0.007481
0.007372
0.007369
0.007409
0.007580
0.007326
0.007224
0.007567
0.007258
0.007649
0.007306
0.007421
0.007521
0.007591
0.007227
0.007601
0.007233
0.007479
0.007565
0.007409
0.007406
0.007387
0.007498
0.007584
0.007331
0.007455
0.007275
0.007679
0.007370
0.007331
0.007272
0.007806
0.007252
0.007482
0.007298
0.007323
0.007605
0.007374
0.007278
0.007309
0.007290
0.008216
0.007202
0.007484
0.007323
0.007643
0.007412
0.007361
0.007187
0.007704
0.007284
0.007409
0.007271
0.007430
0.007631
0.007356
0.007268
0.007678
0.007502
0.007459
0.007306
0.007396
0.007401
0.007578
0.007244
0.007569
0.007269
0.007628
0.007404
0.007408
0.007338
0.007356
0.007510
0.007580
0.007257
0.007424
0.007559
0.007324
0.007351
0.007403
0.007260
0.007808
0.007269
0.007411
0.007256
0.007615
0.007364
0.007338
0.007304
0.007594
0.007513
0.007932
0.007416
0.007469
0.007576
0.007471
0.007540
0.007412
0.007329
0.007849
0.007344
0.007490
0.007396
0.007674
0.007463
0.007469
0.007302
0.007709
0.007614
0.007560
0.007386
0.007435
0.007658
0.007405
0.007265
0.007554
0.007335
0.007664
0.007259
0.007429
0.007358
0.007230
0.007269
0.007566
0.007232
0.007408
0.007519
0.007362
0.007441
0.007326
0.007472
0.007562
0.007260
0.007445
0.007271
0.007573
0.007353
0.007320
0.007314
0.007970
0.007277
0.007411
0.007328
0.008157
0.007630
0.007153
0.007522
0.007369
0.007649
0.007371
0.007364
0.007267
0.007292
0.007968
0.007409
0.007242
0.007334
0.007898
0.007289
0.007403
0.007352
0.007337
0.007605
0.007371
0.007042
0.006900
0.007634
0.006826
0.007177
0.007277
0.007335
0.007481
0.007301
0.007450
0.007312
0.007543
0.007478
0.007335
0.007330
0.007369
0.007729
0.007254
