0.007980
0.007525
0.007582
0.007734
0.007624
0.007510
0.007530
0.007349
0.007755
0.007430
0.007353
0.007340
0.007804
0.007111
0.007446
0.007296
0.007404
0.007642
0.007393
0.007273
0.007639
0.007469
0.007393
0.007284
0.007329
0.007332
0.007599
0.007251
0.007635
0.007356
0.007681
0.007320
0.008753
0.007396
0.007360
0.007499
0.007571
0.007296
0.007426
0.007484
0.008220
0.007603
0.007458
0.007396
0.007662
0.007329
0.007745
0.007292
0.007649
0.007507
0.007488
0.007385
0.007356
0.007504
0.007114
0.007470
0.007369
0.008073
0.007406
0.007420
0.007208
0.007337
0.007596
0.007577
0.007396
0.007409
0.007421
0.007607
0.007260
0.007514
0.007305
0.007898
0.007337
0.007466
0.007339
0.007784
0.007321
0.007406
0.007260
0.007390
0.007596
0.007344
0.007320
0.007670
0.007465
0.007466
0.007333
0.007351
0.007378
0.007641
0.007234
0.007572
0.007264
0.007620
0.007403
0.007340
0.007529
0.007392
0.007589
0.007619
0.007223
0.007342
0.007553
0.008117
0.007380
0.007191
0.007385
0.007619
0.007469
0.007723
0.007268
0.007581
0.007151
0.007339
0.007148
0.007165
0.007596
0.007464
0.007429
0.007325
0.007742
0.007325
0.007370
0.007188
0.007296
0.007555
0.007525
0.007306
0.007385
0.007755
0.007285
0.007552
0.007555
0.007325
0.007704
0.007546
0.007390
0.007484
0.007704
0.007307
0.007403
0.007481
0.007288
0.007612
0.007503
0.007294
0.007328
0.007766
0.007285
0.007543
0.007779
0.007450
0.007635
0.007621
0.007417
0.007379
0.007839
0.007492
0.007436
0.007638
0.007375
0.007678
0.007677
0.007376
0.007433
0.007952
0.007373
0.007075
0.007714
0.007356
0.007526
0.007607
0.007376
0.007323
0.007885
0.007374
0.007324
0.007618
0.007310
0.007584
0.007565
0.007336
0.007328
0.007752
0.007276
0.007293
0.007544
0.007291
0.007569
0.007555
0.007286
0.007366
0.007760
0.007278
0.007353
0.007574
0.007287
0.007510
0.007504
0.007394
0.007361
0.007634
0.007343
0.007090
0.007592
0.007416
0.007469
0.007465
0.007246
0.007407
0.007462
0.007422
0.007366
0.007317
0.007275
0.007807
0.007244
0.007438
0.007246
0.007649
0.007383
0.007354
0.007240
0.007641
0.007552
0.007449
0.007285
0.007361
0.007623
0.007314
0.007268
0.007559
0.007257
0.007657
0.007304
0.007400
0.007383
0.007549
0.007237
0.007616
0.007233
0.007361
0.007491
0.007381
0.007409
0.007471
0.007631
0.007498
0.007262
0.007415
0.007508
0.007459
0.007242
0.007394
0.007402
0.007484
0.007368
0.007292
0.006973
0.007382
0.007494
0.007270
0.007359
0.007231
0.007436
0.007359
0.007207
0.007218
0.007366
0.007528
0.007249
0.007338
0.007262
0.007449
0.007344
0.007204
0.007211
0.007346
0.007464
0.007226
0.007404
0.007227
0.007437
0.007351
0.007207
0.007210
0.007336
0.007618
0.007194
0.007629
0.007436
0.007365
0.007460
0.007244
0.007645
0.007346
0.007822
0.007356
0.007600
0.007359
0.007703
0.007285
0.007279
0.007389
0.007426
0.007489
0.007407
0.007397
0.007337
0.007477
0.007766
0.007262
0.007461
0.007273
0.007593
0.007334
0.007370
0.007275
0.007792
0.007243
0.007438
0.007419
0.007389
0.007608
0.007474
0.007269
0.007610
0.007469
0.007450
0.007313
0.007388
0.007395
0.007634
0.007215
0.007562
0.007284
0.007631
0.007282
0.007395
0.007394
0.007352
0.007533
0.007556
0.007243
0.007422
0.007496
0.007180
0.007363
0.007371
0.007272
0.007806
0.007292
0.007484
0.007304
0.007626
0.007414
0.007358
0.007249
0.007642
0.007551
0.007496
0.007346
0.007413
0.007688
0.007459
0.007245
0.007570
0.007319
0.007647
0.007254
0.007424
0.007336
0.007546
0.007285
0.007567
0.007292
0.007419
0.007534
0.007392
0.007361
0.007367
0.007461
0.007558
0.007226
0.007415
0.007270
0.007604
0.007418
0.007337
0.007249
0.007497
0.007282
0.007450
0.007280
0.007394
0.007641
0.007355
0.007235
0.007625
0.007487
0.007400
0.007337
0.007376
0.007369
0.007592
0.007255
0.007556
0.007234
0.007633
0.007255
0.007429
0.007374
0.007368
0.007536
0.007557
0.007227
0.007406
0.007495
0.007438
0.007641
0.007527
0.007349
0.007923
0.007364
0.007541
0.007400
0.007762
0.007489
0.007418
0.007343
0.007692
0.007622
0.007504
0.007407
0.007524
0.007695
0.007441
0.007362
0.007594
0.007262
0.007669
0.007346
0.007368
0.007322
0.007584
0.007284
0.007572
0.007275
0.007448
0.007529
0.007382
0.007393
0.007365
0.007467
0.007581
0.007246
0.007426
0.007295
0.007696
0.007343
0.007360
0.007228
0.007825
0.007265
0.007446
0.007307
0.007379
0.007869
0.007336
0.007361
0.007284
0.007426
0.007425
0.007468
0.007565
0.007336
0.007847
0.007314
0.007647
0.007356
0.007629
0.007470
0.007334
0.007553
0.007380
0.007553
0.007362
0.007288
0.007229
0.007668
0.007509
0.007606
0.007358
0.007578
0.007600
0.007642
0.007394
0.007471
0.007803
0.007496
0.007588
0.007464
0.007326
0.007673
0.007287
0.007185
0.007499
0.007713
0.007568
0.007374
0.007590
0.007330
0.007886
0.007392
0.007371
0.007422
0.007553
0.007520
0.007350
0.007288
0.007346
0.007554
0.007139
0.007430
0.007474
0.007828
0.007350
0.007564
0.007343
0.007622
0.007601
0.007382
0.007469
0.007427
0.007779
0.007408
0.007333
0.007340
0.007275
0.007466
0.007436
0.007490
0.007572
0.007615
0.007552
0.007300
0.007611
0.007419
0.007653
0.007471
0.007328
0.007529
0.007623
0.007284
0.007361
0.007278
0.007237
0.007703
0.007467
0.007568
0.007343
0.007735
0.007335
0.007612
0.007355
0.007383
0.007739
0.007403
0.007538
0.007398
0.007626
0.007386
0.007292
0.007188
0.007382
0.007730
0.007561
0.007347
0.007577
0.007562
0.007635
0.007410
0.007385
0.007468
0.007630
0.007532
0.007402
0.007324
0.007269
0.007216
0.007259
0.007417
0.007476
0.007879
0.007330
0.007545
0.007331
0.007836
0.007354
0.007412
0.007478
0.007412
0.007829
0.007371
0.007304
0.007324
0.007510
0.007204
0.007418
0.007492
0.007648
0.007618
0.007506
0.007346
0.007605
0.007596
0.007385
0.007417
0.007308
0.007483
0.007676
0.007341
0.007360
0.007272
0.007429
0.007425
0.007451
0.007580
0.007326
0.007786
0.007337
0.007615
0.007028
0.007682
0.007423
0.007333
0.007590
0.007406
0.007598
0.007359
0.007309
0.007233
0.007654
0.007552
0.007711
0.007434
0.007552
0.007659
0.007631
0.007364
0.007407
0.007710
0.007340
0.007529
0.007421
0.007279
0.007695
0.007250
0.007197
0.007454
0.007713
0.007577
0.007346
0.007526
0.007312
0.007887
0.007343
0.007457
0.007442
0.007576
0.007603
0.007411
0.007276
0.007370
0.007541
0.007191
0.007154
0.007455
0.007893
0.007391
0.007606
0.007371
0.007661
0.007626
0.007400
0.007465
0.007390
0.008094
0.007546
0.007371
0.007344
0.007522
0.007601
0.007532
0.007580
0.007579
0.007429
0.007488
0.007615
0.007436
0.007482
0.007594
0.007725
0.007365
0.007638
0.007659
0.007596
0.007395
0.007509
0.007291
0.007983
0.007310
0.007431
0.007257
0.007640
0.007405
0.007356
0.007286
0.007659
0.007496
0.007400
0.007357
0.007367
0.007618
0.007379
0.007253
0.007584
0.007246
0.007684
0.007371
0.007438
0.007370
0.007617
0.007255
0.007557
0.007282
0.007427
0.007554
0.007374
0.007384
0.007345
0.007594
0.007561
0.007315
0.007137
0.007264
0.007708
0.006778
0.007268
0.007534
0.007719
0.007253
0.007560
0.007254
0.007527
0.007582
0.007600
0.007372
0.007549
0.007515
0.007587
0.007287
0.007395
0.007266
0.007640
0.007370
0.007423
0.007319
0.007896
0.007262
0.007460
0.007316
0.007417
0.007672
0.007379
0.007330
0.007593
0.007579
0.007612
0.007493
0.007314
0.007285
0.007867
0.007259
0.007410
0.007297
0.007625
0.007377
0.007362
0.007238
0.007627
0.007535
0.007420
0.007328
0.007360
0.007780
0.007610
0.006982
0.007141
0.007467
0.007723
0.007637
0.007029
0.007278
0.007762
0.007390
0.007328
0.007290
0.007175
0.007742
0.007464
0.007590
0.007338
0.007842
0.007328
0.007601
0.007369
0.007374
0.007750
0.007326
0.007515
0.007400
0.007543
0.007356
0.007313
0.007197
0.007429
0.007754
0.007571
0.007363
0.007531
0.007598
0.007657
0.007362
0.007378
0.007467
0.007701
0.007547
0.007421
0.007368
0.007608
0.007269
0.007184
0.007301
0.007403
0.007639
0.007342
0.007522
0.007364
0.007400
0.007257
0.007311
0.007442
0.007575
0.007714
0.007345
0.007399
0.007208
0.007484
0.007367
0.007470
0.007342
0.007317
0.007859
0.007521
0.007313
0.007539
0.007623
0.007428
0.007264
0.007576
0.007350
0.007643
0.007317
0.007585
0.007282
0.007665
0.007265
0.007356
0.007426
0.007355
0.007540
0.007628
0.007285
0.007438
0.007519
0.007387
0.007367
0.007369
0.007259
0.007920
0.007278
0.007460
0.007326
0.007651
0.007414
0.007360
0.007269
0.007579
0.007556
0.007387
0.007581
0.007434
0.023251
0.008011
0.007989
0.007548
0.008016
0.007676
0.007320
0.007388
0.007470
0.007366
0.007540
0.007604
0.007302
0.007455
0.007511
0.007442
0.007384
0.007360
0.006949
0.007930
0.007262
0.007462
0.007331
0.007664
0.007391
0.007378
0.007251
0.007539
0.007547
0.007392
0.007266
0.007489
0.007610
0.007376
0.007285
0.007554
0.007282
0.007717
0.007342
0.007440
0.007380
0.007626
0.007325
0.007612
0.007326
0.007362
0.007591
0.007525
0.007402
0.007603
0.007807
0.007916
0.008164
0.007982
0.007520
0.007578
0.007622
0.007854
0.007397
0.007980
0.007802
0.007868
0.007436
0.007850
0.007817
0.007833
0.007746
0.007996
0.007675
0.007758
0.007599
0.007723
0.007708
0.007767
0.007563
0.007902
0.007670
0.007754
0.007607
0.007754
0.007716
0.007744
0.007574
0.007916
0.007613
0.007858
0.007687
0.007748
0.007723
0.007790
0.007677
0.007478
0.007639
0.007431
0.007702
0.007478
0.007916
0.007907
0.007711
0.007615
0.007578
0.007650
0.007787
0.008178
0.007789
0.008077
0.007846
0.007901
0.007844
0.007843
0.007807
0.007860
0.007906
0.007837
0.007863
0.007958
0.007935
0.007667
0.007676
0.007802
0.007846
0.007620
0.007794
0.007721
0.007687
0.007630
0.007919
0.007684
0.007769
0.007625
0.007761
0.007696
0.007722
0.007610
0.007940
0.007623
0.007863
0.007662
0.007808
0.007728
0.007733
0.007604
0.007909
0.007655
0.007795
0.007641
0.007767
0.007768
0.007695
0.007513
0.007915
0.007792
0.007494
0.007578
0.007985
0.007557
0.007799
0.007631
0.007727
0.007776
0.007556
0.007640
0.007590
0.007587
0.007589
0.007566
0.007613
0.007591
0.007582
0.007661
0.007615
0.007574
0.007568
0.007610
0.007578
0.007569
0.007585
0.007556
0.007626
0.007589
0.007578
0.007604
0.007583
0.007587
0.007568
0.007575
0.007571
0.007596
0.007576
0.007630
0.007576
0.007573
0.007611
0.007576
0.007595
0.007583
0.007567
0.007583
0.007563
0.007580
0.007608
0.007584
0.007565
0.007653
0.007577
0.007570
0.007564
0.007592
0.007579
0.007580
0.007568
0.007669
0.007610
0.007569
0.007628
0.007630
0.007574
0.007570
0.007651
0.007520
0.007671
0.007617
0.007763
0.007742
0.007700
0.007613
0.007917
0.007621
0.007749
0.007623
0.007754
0.007707
0.007725
0.007647
0.008099
0.007643
0.007843
0.007724
0.007792
0.007795
0.007703
0.007358
0.007937
0.007615
0.007734
0.007641
0.007734
0.007708
0.007676
0.007606
0.007906
0.007589
0.007783
0.007672
0.007711
0.007715
0.007749
0.007574
0.007910
0.007619
0.007764
0.007678
0.007723
0.007707
0.007740
0.007595
0.007943
0.007725
0.007793
0.007676
0.007740
0.007745
0.007717
0.007622
0.007894
0.007660
0.007769
0.007605
0.007748
0.007723
0.007723
0.007671
0.007880
0.007621
0.007817
0.007351
0.007751
0.007714
0.007724
0.007633
0.007906
0.007602
0.007869
0.007621
0.007743
0.007743
0.007702
0.007638
0.007925
0.007611
0.007785
0.007664
0.007744
0.007786
0.007727
0.007568
0.007912
0.007617
0.007797
0.007740
0.008017
0.007882
0.007793
0.007763
0.008019
0.007698
0.007900
0.007743
0.007831
0.007814
0.007822
0.007692
0.008073
0.007704
0.007858
0.007758
0.007841
0.007791
0.007715
0.007317
0.007995
0.007598
0.007769
0.007656
0.007743
0.007722
0.007718
0.007577
0.007956
0.007608
0.007796
0.007634
0.007795
0.007747
0.007711
0.007595
0.007905
0.007626
0.007756
0.007671
0.007723
0.007677
0.007632
0.007551
0.007595
0.007627
0.007594
0.007571
0.007609
0.007575
0.007580
0.007660
0.007571
0.007601
0.007577
0.007619
0.007628
0.007655
0.007494
0.007869
0.007820
0.007680
0.007600
0.008015
0.007504
0.007816
0.007643
0.007702
0.007774
0.007597
0.007592
0.007610
0.007603
0.007606
0.007590
0.007596
0.007619
0.007563
0.007584
0.007626
0.007565
0.007570
0.007579
0.007551
0.007578
0.007572
